-9.1552734e-05
-6.1035156e-05
-3.0517578e-05
-0.00012207031
6.1035156e-05
0.0002746582
0.00033569336
-0.00012207031
0.0002746582
-3.0517578e-05
-0.0005493164
-0.0008239746
0.00012207031
-0.00033569336
-0.00015258789
0.0007019043
0.0010681152
0.00021362305
-3.0517578e-05
0.00048828125
-0.00088500977
-0.0014648438
-0.0007324219
0.00036621094
-0.0008239746
0.0008239746
0.001739502
0.0012512207
-0.00048828125
0.0005493164
-0.0002746582
-0.002380371
-0.0016784668
0.0
0.00021362305
-0.0007019043
0.0028076172
0.0021362305
0.00036621094
-0.0007019043
0.0008544922
-0.0025024414
-0.0032043457
-0.0007019043
0.00076293945
-0.00045776367
0.0012817383
0.004547119
0.0008239746
-0.0005187988
-0.0004272461
-0.00021362305
-0.0053100586
-0.0019836426
0.00076293945
0.00061035156
9.1552734e-05
0.0045166016
0.004119873
-0.0014343262
-0.0005187988
-0.0006713867
-0.0032043457
-0.0063171387
0.0012512207
0.0010681152
0.00064086914
0.0024719238
0.0068969727
0.0005493164
-0.0024414062
-0.0002746582
-0.0026550293
-0.0062561035
-0.0036010742
0.0040893555
0.0
0.0025634766
0.005584717
0.00592041
-0.0040283203
-0.0015563965
-0.0014953613
-0.005859375
-0.0067443848
0.0017700195
0.004333496
-0.00015258789
0.006286621
0.0067443848
0.0010681152
-0.006652832
0.00021362305
-0.0054626465
-0.007659912
-0.0030822754
0.006713867
0.002166748
0.0026245117
0.009460449
0.003692627
-0.0046081543
-0.0059814453
-0.00018310547
-0.010406494
-0.0051879883
0.0030517578
0.008117676
0.0002746582
0.008087158
0.008605957
-0.002746582
-0.008117676
-0.0034484863
-0.0042419434
-0.012023926
0.0018310547
0.007598877
0.0064697266
0.0017089844
0.012664795
0.0015563965
-0.0087890625
-0.0076904297
-0.0025024414
-0.009796143
-0.007232666
0.010009766
0.008239746
0.004638672
0.006225586
0.011352539
-0.008758545
-0.010345459
-0.0058898926
-0.0048217773
-0.011993408
0.003967285
0.014404297
0.0057678223
0.005340576
0.009918213
0.0027770996
-0.017242432
-0.0072631836
-0.005706787
-0.008117676
-0.0067749023
0.015899658
0.012145996
0.0038146973
0.008636475
0.0076293945
-0.0107421875
-0.018615723
-0.0026550293
-0.008483887
-0.007659912
0.005218506
0.022491455
0.005554199
0.005706787
0.0093688965
-0.0024719238
-0.02154541
-0.012268066
-0.0016784668
-0.011230469
0.00048828125
0.018127441
0.01953125
-6.1035156e-05
0.009979248
0.0032958984
-0.015930176
-0.023742676
-0.003540039
-0.005126953
-0.00793457
0.014129639
0.024749756
0.0099487305
-0.00021362305
0.011138916
-0.010894775
-0.025390625
-0.01638794
0.002105713
-0.009063721
0.004272461
0.027069092
0.02017212
0.0010375977
0.0035095215
0.00289917
-0.02670288
-0.024353027
-0.005218506
0.001159668
-0.0063171387
0.022613525
0.029876709
0.009124756
-0.0027160645
0.0049743652
-0.014434814
-0.035125732
-0.013366699
0.0022583008
-0.0009765625
0.0069885254
0.036743164
0.020629883
-0.0016174316
-0.0017700195
-0.0030822754
-0.03274536
-0.030395508
0.0009460449
0.0039978027
0.0027770996
0.025665283
0.038024902
0.0037841797
-0.0061035156
-0.0031433105
-0.01940918
-0.04034424
-0.0128479
0.009765625
0.0038757324
0.015197754
0.038146973
0.023986816
-0.010070801
-0.0067443848
-0.011657715
-0.034332275
-0.032470703
0.005554199
0.012145996
0.009094238
0.03048706
0.03753662
0.004333496
-0.016357422
-0.0079956055
-0.024047852
-0.036956787
-0.012145996
0.019104004
0.0132751465
0.021118164
0.040405273
0.022460938
-0.016448975
-0.022216797
-0.019592285
-0.042236328
-0.034606934
0.007598877
0.031188965
0.016571045
0.023864746
0.032592773
0.0049438477
-0.02319336
-0.02520752
-0.036865234
-0.052368164
-0.013092041
0.029541016
0.025177002
0.013671875
0.024871826
0.027404785
0.005584717
-0.015960693
-0.03540039
-0.044891357
-0.008361816
0.044189453
0.05316162
0.030578613
0.045928955
-0.002105713
-0.03326416
0.004486084
-0.07733154
-0.09112549
-0.059051514
-0.011138916
0.10961914
0.057006836
-0.09957886
-0.012817383
0.089263916
-0.06097412
-0.016540527
0.049835205
-0.04559326
0.047790527
0.07925415
0.025939941
0.07449341
0.0769043
0.06607056
-0.06869507
-0.15493774
-0.0055236816
-0.05923462
-0.082336426
0.006866455
0.041168213
0.099365234
0.061798096
-0.0113220215
-0.17019653
-0.1555481
0.025756836
0.057281494
-0.0206604
-0.027435303
0.078125
0.17782593
0.026855469
-0.26324463
-0.10461426
0.06472778
-0.17697144
-0.11932373
0.34588623
0.33032227
0.04385376
0.13769531
0.032958984
-0.02911377
0.57873535
0.7689514
0.40447998
-0.029876709
-0.6677551
-0.35559082
0.034210205
-0.49700928
-0.20983887
0.37734985
0.64901733
0.38052368
-0.664978
-0.34887695
-0.17889404
-0.4623108
0.5474243
0.30197144
-0.6126709
-0.35943604
-0.08816528
-0.1550293
0.12576294
0.054016113
-0.13882446
-0.4102478
-0.44076538
0.6060486
0.17385864
-0.23010254
0.123535156
0.040649414
0.6234436
0.34698486
-0.76950073
-0.97442627
-0.6776123
-0.3171997
0.30596924
0.12625122
-0.40274048
-0.26464844
0.48703003
0.4519043
-0.3901062
0.37521362
0.99993896
0.768219
0.13983154
-0.24310303
0.22976685
-0.24578857
-0.13632202
-0.13064575
-0.63949585
-0.46240234
0.0008239746
-0.07775879
-0.44161987
0.0786438
-0.40823364
-0.840271
-0.4694519
-0.5308533
-0.3371277
-0.09616089
-0.020751953
0.095458984
0.45443726
0.48486328
0.41516113
0.2732849
-0.19445801
-0.050048828
0.22949219
0.20736694
0.0049743652
0.015594482
-0.026733398
-0.09976196
-0.09725952
-0.16986084
-0.039093018
0.022888184
0.10144043
0.17364502
0.50268555
0.38571167
-0.07098389
0.0077819824
-0.3274231
-0.5222168
-0.22937012
-0.2657776
-0.19226074
0.25985718
0.1824646
0.0008239746
0.19122314
0.17694092
0.18664551
0.042633057
0.086639404
0.088531494
0.061340332
0.2480774
0.28533936
0.10571289
-0.1977539
0.029266357
0.33596802
0.19256592
-0.13183594
-0.52630615
-0.22897339
0.27011108
-0.127594
-0.29067993
0.010070801
-0.07336426
-0.19967651
0.37051392
0.35205078
-0.060668945
0.16305542
-0.024993896
0.07305908
0.23046875
0.07168579
0.021697998
-0.0368042
-0.21728516
-0.24371338
-0.03253174
-0.06689453
0.044708252
0.16513062
0.33087158
0.37527466
0.39663696
0.20477295
-0.42904663
-0.14633179
0.15054321
-0.079437256
0.07110596
0.2767334
0.28375244
0.09979248
0.14035034
0.25378418
0.27947998
0.096343994
0.21096802
0.5474243
0.022155762
-0.18572998
0.19448853
0.15298462
-0.072753906
-0.19552612
-0.051574707
0.016998291
0.18560791
0.1937561
-0.11566162
0.14123535
0.10681152
0.19622803
0.4331665
0.18563843
-0.037384033
-0.17080688
0.13394165
0.10119629
-0.057037354
0.042022705
-0.08129883
0.031433105
0.27642822
0.034423828
0.074035645
0.27923584
-0.0619812
0.08190918
0.11981201
-0.13510132
-0.0068359375
0.001739502
0.01687622
-0.03451538
-0.060272217
-0.056671143
-0.20941162
-0.0803833
-0.08111572
-0.35723877
-0.15795898
0.20648193
0.101135254
-0.02633667
0.11477661
0.15496826
-0.14172363
-0.1418457
0.06863403
-0.06323242
0.018035889
0.14996338
0.06573486
0.17214966
0.23248291
0.057281494
-0.008728027
0.1253357
0.037139893
-0.16534424
0.06744385
-0.109069824
-0.38555908
0.00024414062
0.017608643
-0.1430664
-0.15863037
-0.31582642
-0.21118164
0.03643799
0.08895874
-0.14172363
-0.28881836
0.08822632
0.15063477
0.090545654
0.02420044
-0.21713257
-0.1993103
-0.029754639
0.123565674
-0.263031
-0.30255127
0.039886475
0.27044678
0.09307861
-0.23370361
-0.098602295
-0.02029419
-0.119506836
-0.37835693
-0.3742981
-0.10006714
0.14892578
-0.11074829
-0.06213379
0.19308472
-0.030670166
0.064941406
0.1505127
0.120513916
0.24346924
0.114471436
-0.30493164
-0.34942627
-0.08129883
-0.114593506
-0.36154175
-0.2232666
-0.09170532
-0.18951416
-0.0965271
-0.21316528
-0.17663574
0.24679565
0.16677856
-0.13232422
-0.23919678
-0.10153198
0.09402466
0.081451416
0.13571167
-0.20361328
-0.34268188
-0.10308838
-0.019470215
-0.07858276
-0.15466309
0.064819336
0.010253906
-0.20098877
-0.15567017
0.10559082
-0.016418457
-0.20474243
-0.18615723
0.007904053
0.13931274
-0.08984375
-0.004333496
-0.12646484
-0.25759888
-0.057617188
0.11584473
-0.02923584
-0.08105469
0.09011841
0.09164429
0.06668091
0.05984497
0.11679077
0.14974976
0.03048706
-0.17007446
-0.205719
-0.19348145
-0.22055054
-0.26385498
-0.12414551
-0.03149414
0.07409668
0.1105957
-0.15048218
-0.24160767
-0.28762817
-0.11529541
0.112091064
0.11367798
0.0036621094
-0.1315918
0.15286255
0.23077393
-0.087371826
-0.040100098
0.07318115
-0.08129883
-0.25283813
-0.06951904
0.10397339
0.074920654
0.10021973
0.040618896
0.052978516
0.13479614
0.17785645
0.10928345
-0.078308105
0.020050049
0.380188
0.34628296
0.004638672
-0.04437256
0.04397583
-0.07281494
-0.15457153
-0.10070801
-0.015350342
0.11273193
0.040985107
-0.2064209
-0.2232666
0.060028076
0.22537231
-0.000579834
-0.062286377
0.088409424
0.03564453
0.3093872
0.14367676
-0.27752686
0.038360596
0.06436157
-0.040985107
0.05984497
0.26651
0.26358032
-0.0234375
-0.19052124
-0.083221436
0.15927124
-0.107666016
-0.0046691895
0.23321533
0.10852051
0.15054321
0.10455322
0.27386475
0.29129028
0.11276245
0.0013427734
0.016418457
0.08416748
-0.04006958
0.11859131
0.15887451
0.00015258789
0.18087769
0.12310791
-0.07272339
-0.06637573
-0.039245605
0.11630249
0.26071167
0.22927856
0.006072998
0.07058716
0.21661377
0.10824585
0.07910156
-0.08178711
-0.07229614
0.21463013
0.17230225
0.037017822
0.10870361
0.06826782
-0.1060791
0.07928467
0.14129639
-0.094696045
0.0743103
0.084625244
0.06259155
0.2993164
0.09283447
-0.25534058
-0.048553467
0.22869873
0.06286621
-0.0070495605
0.07159424
0.08453369
0.1522522
0.12298584
0.03857422
0.051879883
-0.12149048
-0.2211914
-0.09738159
-0.14553833
-0.12896729
0.0012817383
0.10662842
0.13076782
0.24041748
0.17651367
0.015075684
-0.0068969727
-0.1899414
-0.10595703
-0.076416016
-0.18841553
-0.15185547
-0.107940674
-0.046020508
-0.019561768
-0.02017212
0.026916504
0.12524414
0.12484741
0.1204834
0.06906128
0.003967285
0.061706543
-0.012451172
0.03640747
0.3222351
0.09631348
-0.19116211
-0.054229736
0.17858887
0.23883057
-0.0034484863
-0.17706299
-0.060394287
0.074798584
-0.15167236
-0.18383789
0.015319824
0.077697754
0.13934326
0.10510254
-0.022644043
-0.002960205
0.071746826
-0.13198853
-0.2625122
-0.009033203
0.2461853
0.05657959
-0.012908936
0.07626343
0.111083984
0.12362671
0.06411743
0.062347412
-0.11431885
-0.10006714
-0.012298584
-0.20108032
-0.24783325
-0.06939697
-0.020385742
-0.07757568
-0.13717651
-0.057525635
-0.18707275
-0.26287842
-0.06668091
-0.09790039
0.056762695
0.07949829
0.09988403
0.08288574
-0.032958984
-0.018371582
-0.16815186
0.017547607
0.067993164
-0.029418945
0.12390137
-0.13244629
-0.2640686
0.0619812
0.09347534
-0.062561035
-0.03186035
0.024169922
0.025421143
0.09301758
0.024353027
-0.22607422
-0.112976074
-0.0708313
-0.32785034
-0.090423584
0.16830444
-0.091278076
-0.33816528
-0.12915039
0.070739746
-0.037719727
-0.08477783
-0.05026245
-0.09863281
-0.13922119
0.074401855
0.19464111
0.025817871
-0.06048584
-0.020996094
0.00289917
-0.04284668
-0.07620239
-0.061706543
-0.01461792
0.025543213
0.03414917
0.011779785
-0.059387207
-0.06472778
-0.044281006
-0.05908203
-0.12844849
-0.08251953
0.022705078
0.0776062
0.16140747
0.08026123
-0.22259521
-0.23892212
0.040802002
-0.046691895
-0.1038208
0.014099121
0.0284729
0.04458618
0.20803833
0.17663574
-0.12619019
-0.108428955
-0.03768921
-0.012878418
0.038726807
0.058532715
0.118133545
-0.006011963
-0.22616577
-0.09295654
-0.02468872
-0.24243164
-0.16574097
0.096588135
0.11367798
-0.07785034
0.042236328
-0.061920166
-0.18270874
0.09799194
-0.1481018
-0.0970459
0.3116455
0.23461914
0.032592773
0.038269043
0.0013427734
0.089263916
0.14620972
-0.11239624
-0.025909424
-0.017425537
-0.06304932
0.009277344
0.103393555
-0.03048706
-0.06021118
0.11495972
-0.13543701
-0.07055664
0.1105957
0.028778076
0.0032653809
0.07962036
0.017120361
0.0042419434
0.13650513
-0.016021729
-0.06918335
-0.057250977
-0.13485718
-0.120147705
-0.003479004
0.11105347
-0.0073547363
-0.029541016
0.06619263
0.15383911
0.07183838
0.041290283
0.0126953125
-0.012664795
0.097717285
0.092437744
0.07714844
-0.030456543
0.03567505
-0.09899902
-0.10580444
0.21011353
0.105895996
-0.19180298
-0.1661377
-0.040252686
-0.12911987
0.07876587
0.2897644
0.115448
-0.034454346
0.096191406
0.14633179
-0.008453369
0.061279297
0.17230225
0.1131897
-0.04776001
-0.049865723
0.09536743
0.060150146
0.018218994
0.0068969727
-0.021911621
0.034576416
0.16412354
0.12625122
0.0008239746
0.032928467
-0.0463562
-0.093688965
0.064697266
0.16952515
-0.05618286
-0.24215698
-0.10864258
-0.055236816
-0.03765869
-0.12384033
0.060913086
0.14538574
-0.08782959
6.1035156e-05
0.10394287
0.02407837
-0.040222168
0.06661987
-0.056671143
-0.079833984
0.2362976
0.20166016
-0.011871338
-0.088531494
-0.16091919
0.049041748
0.105651855
0.008026123
-0.019897461
-0.13180542
-0.0317688
0.025360107
-0.015533447
-0.103149414
0.10134888
0.10202026
-0.06298828
0.011383057
0.05657959
0.0317688
0.0041503906
0.15026855
-0.015197754
0.009765625
0.17449951
0.081085205
-0.016540527
-0.033996582
0.091918945
0.08175659
0.012786865
0.026855469
0.1473999
0.07321167
-0.13711548
0.03982544
0.13510132
-0.051849365
0.0032653809
0.063568115
-0.059814453
-0.12789917
-0.07067871
0.04699707
0.0063171387
-0.070892334
0.0034484863
0.10272217
0.027709961
-0.08654785
-0.10028076
-0.16534424
0.030731201
0.1333313
-0.15444946
-0.18435669
0.07699585
0.06719971
-0.085113525
-0.071502686
-0.0932312
-0.11480713
-0.06686401
-0.02545166
-0.03778076
0.08047485
0.027191162
-0.112579346
-0.07485962
-0.051239014
0.061279297
0.16659546
-0.024475098
-0.17926025
0.005279541
-0.10812378
-0.1376648
0.038269043
-0.011291504
-0.10266113
0.01651001
0.061553955
-0.014282227
0.103027344
0.07778931
-0.013031006
-0.04458618
0.021209717
-0.047607422
-0.011138916
0.02545166
0.017791748
-0.061584473
-0.23529053
-0.006500244
0.09371948
-0.004760742
-0.14974976
-0.054656982
0.009643555
-0.13497925
-0.018310547
0.0026855469
0.002532959
0.13717651
0.05630493
-0.059448242
-0.03463745
-0.06213379
0.049743652
0.14987183
-0.111968994
-0.20626831
0.08703613
0.21365356
0.011077881
-0.10195923
-0.08465576
-0.10241699
-0.0234375
-0.019104004
-0.06530762
-0.024780273
0.08148193
0.043060303
-0.040222168
0.12643433
0.0113220215
-0.102386475
-0.029663086
-0.032684326
0.026062012
-0.043945312
-0.009063721
0.039764404
-0.00036621094
-0.040130615
0.0892334
0.10897827
-0.13626099
-0.0052490234
0.00869751
-0.10684204
0.024719238
0.0027160645
-0.019500732
-0.0031738281
-0.12652588
-0.18188477
-0.100616455
-0.08691406
-0.1647644
-0.13024902
0.06112671
0.09088135
-0.015014648
-0.06466675
-0.03955078
0.022460938
0.046569824
0.009185791
-0.04522705
0.0473938
0.0010375977
-0.015380859
0.050231934
-0.019683838
-0.1274414
-0.09420776
-0.01776123
-0.07687378
0.029174805
0.07952881
0.076171875
0.030639648
0.09744263
0.13449097
-0.053710938
-0.00045776367
0.03677368
-0.055541992
-0.032073975
0.01473999
-0.04486084
-0.008056641
0.064819336
0.062072754
0.029724121
-0.16693115
-0.16503906
0.00088500977
0.057128906
0.052642822
-0.07116699
-0.11553955
-0.114593506
0.07196045
0.19662476
-0.034454346
-0.09060669
-0.0063171387
-0.007385254
-0.013305664
0.111206055
0.15722656
-0.08230591
-0.037719727
0.10644531
-0.103759766
-0.010955811
0.11364746
-0.048309326
0.015594482
0.066833496
0.061340332
-0.017974854
-0.022155762
0.1434021
-0.0289917
-0.20910645
0.08917236
0.24920654
0.0005493164
-0.011962891
0.06756592
0.043640137
-0.004699707
0.029266357
-0.02859497
-0.0077209473
0.2268982
0.10598755
-0.011993408
-0.04724121
-0.056854248
-0.032073975
0.0016784668
0.02154541
0.0357666
0.11999512
-0.018920898
-0.0592041
0.025787354
-0.025604248
0.0025024414
0.060546875
-0.06802368
-0.09158325
0.13800049
0.1793518
0.050720215
-0.02432251
0.064971924
0.1465149
0.10424805
0.04397583
0.0078125
0.07992554
0.054626465
0.06201172
-0.03933716
-0.12753296
0.025054932
0.033294678
-0.015594482
0.068847656
0.09490967
-0.085357666
-0.03277588
0.09402466
-0.02279663
0.016448975
0.04385376
-0.05987549
0.053375244
0.12319946
0.04107666
0.10958862
0.014404297
-0.007446289
0.14682007
0.038238525
-0.045074463
-0.027282715
0.09939575
0.058013916
0.048339844
0.19134521
0.07043457
-0.0513916
-0.06326294
0.059448242
0.061950684
0.018432617
0.090423584
0.09716797
0.036865234
-0.024841309
0.030426025
0.03741455
0.083221436
0.024780273
-0.10205078
-0.07833862
0.062438965
0.050842285
-0.17184448
-0.103515625
-0.067718506
-0.023742676
-0.055023193
0.005859375
0.11373901
-0.004180908
0.07354736
-0.016998291
-0.0625
-0.025024414
0.010437012
-0.037017822
-0.22927856
0.0038146973
0.14169312
0.036712646
0.065460205
-0.0012512207
0.007171631
0.072509766
-0.01751709
-0.05834961
0.0076904297
-0.005493164
0.023925781
0.11779785
0.10769653
0.040374756
0.044647217
-0.012451172
-0.08755493
-0.0032348633
0.008514404
-0.08544922
-0.016967773
-0.04058838
-0.12109375
-0.027069092
-0.026672363
0.0002746582
-0.05895996
-0.0015869141
0.054656982
0.03665161
0.137146
0.08831787
0.013763428
-0.015045166
0.005126953
-0.06323242
-0.041290283
-0.002960205
0.051849365
0.0052490234
-0.0071411133
0.043762207
-0.028564453
0.0072021484
-0.16781616
-0.15176392
0.029754639
-0.038085938
-0.052337646
0.08938599
-0.035491943
-0.23016357
-0.020263672
0.13009644
-0.017822266
-0.058441162
0.041137695
-0.09118652
-0.07650757
0.1968689
0.09017944
-0.099823
0.045959473
0.12832642
-0.017608643
-0.104400635
-0.026062012
-0.06552124
-0.15505981
-0.050231934
-0.037322998
-0.11740112
-0.042999268
-0.012908936
-0.119018555
-0.094573975
-0.012023926
-0.13272095
-0.045928955
0.06188965
-0.11291504
-0.106414795
-0.08383179
-0.06289673
0.019348145
-0.025909424
-0.03503418
0.09240723
0.10784912
-0.018341064
-9.1552734e-05
-0.018859863
-0.06921387
-0.026611328
0.07028198
0.08023071
-0.07418823
-0.0076293945
-0.012390137
-0.14428711
-0.07043457
-0.015808105
-0.062438965
-0.16952515
-0.12710571
0.020721436
0.002746582
-0.08166504
-0.04046631
0.010559082
-0.0025024414
0.017425537
0.0016784668
0.010192871
0.11364746
0.09573364
-0.05441284
-0.038757324
0.03869629
-0.06573486
-0.09338379
-0.055541992
-0.000579834
0.11099243
0.05618286
-0.040252686
-0.062927246
0.07608032
0.09072876
-0.049072266
-0.0025939941
-0.040222168
-0.09310913
-0.07128906
0.03692627
0.03289795
-0.06567383
-0.054534912
-0.089782715
0.07141113
0.049621582
-0.069885254
0.02017212
-0.029754639
0.044158936
0.12554932
0.12374878
0.050109863
-0.0057373047
0.058929443
-0.09060669
-0.13742065
-0.011474609
0.028320312
0.028045654
0.016937256
0.061645508
0.00894165
-0.12939453
-0.120269775
-0.020111084
-0.034118652
-0.06866455
0.021911621
0.0368042
0.0038452148
0.07632446
0.06863403
-0.053710938
-0.057495117
0.025238037
0.08987427
0.11282349
0.09353638
0.108428955
0.121673584
0.0014953613
-0.15203857
-0.028839111
0.016998291
-0.042785645
0.03829956
0.03665161
0.0036010742
-0.080841064
0.021057129
0.10473633
-0.018371582
-0.11276245
-0.044403076
0.07858276
0.027832031
-0.05859375
-0.074157715
0.005706787
-0.053710938
-0.08135986
-0.12414551
-0.0718689
0.06680298
0.038238525
0.07040405
0.0690918
0.08319092
0.07626343
0.03717041
-0.013793945
0.03540039
0.051239014
-0.0769043
-0.0095825195
-0.008850098
0.032318115
0.18521118
0.031555176
-0.063201904
0.035125732
0.011352539
-0.042541504
-0.00021362305
-0.01260376
0.019683838
0.13305664
0.054595947
-0.02520752
-0.020874023
-0.011627197
0.013793945
0.0015869141
0.058013916
0.10992432
0.10708618
-0.0035095215
-0.052947998
-0.0058288574
-0.04711914
0.00045776367
0.008178711
-0.06121826
-0.04864502
0.07458496
0.035064697
-0.08395386
0.023620605
0.03289795
-0.044769287
-0.00289917
0.06625366
0.030944824
0.006225586
-0.0012512207
-0.017425537
-0.017486572
-0.013305664
0.03250122
-0.012542725
-0.034729004
0.012969971
0.043914795
-0.036193848
-0.03640747
0.07254028
0.010040283
-0.04727173
0.028869629
0.03353882
-0.0041503906
0.013153076
0.023956299
-0.0009765625
-0.024414062
0.01763916
0.004699707
-0.0028381348
-0.017303467
0.021331787
0.03945923
-0.025970459
0.01461792
0.010345459
-0.016937256
-0.019500732
0.0058288574
0.00491333
-0.006591797
0.019256592
0.036621094
0.0037841797
-0.018005371
0.00881958
-0.0061035156
-0.019134521
-0.014434814
0.019592285
-0.0018310547
-0.008239746
0.018737793
0.013549805
-0.008270264
-0.008178711
0.013397217
-0.013244629
-0.02041626
0.0031433105
0.0138549805
-0.010345459
0.00390625
0.022094727
0.002105713
-0.012084961
0.0024108887
0.0047302246
-0.021759033
-0.007446289
0.0087890625
0.0038452148
-0.006225586
0.013031006
0.01449585
-0.005859375
-0.006652832
0.0031433105
-0.004638672
-0.018096924
0.0011901855
0.0067443848
0.0013122559
-0.00091552734
0.015655518
0.0061035156
-0.008148193
-0.002380371
-0.00018310547
-0.008850098
-0.013122559
0.007019043
0.0034179688
0.0010070801
0.0048217773
0.0134887695
-0.0009765625
-0.007232666
-3.0517578e-05
-0.004852295
-0.009918213
-0.0063171387
0.008850098
0.00021362305
0.00390625
0.0077819824
0.008331299
-0.005218506
-0.004425049
-0.00076293945
-0.008911133
-0.007019043
-0.0007324219
0.007537842
-0.00088500977
0.0076293945
0.0073547363
0.0025024414
-0.005859375
-0.0024719238
-0.0034179688
-0.010131836
-0.0022277832
0.001953125
0.0051879883
0.0007324219
0.009979248
0.0039367676
-0.0015258789
-0.0044555664
-0.002380371
-0.006378174
-0.008514404
0.002532959
0.0019226074
0.004119873
0.003326416
0.009887695
-0.000579834
-0.0030517578
-0.0025634766
-0.004333496
-0.0076904297
-0.0045166016
0.005065918
0.000579834
0.004547119
0.0057373047
0.007019043
-0.004211426
-0.0022583008
-0.0020446777
-0.00680542
-0.0064086914
-0.00039672852
0.005432129
-0.0007324219
0.0065307617
0.006164551
0.002960205
-0.005706787
-0.0010070801
-0.0030822754
-0.008392334
-0.0032043457
0.002380371
0.004333496
-0.0007019043
0.008575439
0.0043640137
-0.0008544922
-0.005279541
-0.00015258789
-0.00491333
-0.0082092285
0.0007019043
0.0032958984
0.002960205
0.000579834
0.009429932
0.001159668
-0.0032043457
-0.0036315918
-0.0007324219
-0.0063476562
-0.006286621
0.0040893555
0.0025024414
0.0022583008
0.0022888184
0.008666992
-0.002319336
-0.003692627
-0.0022888184
-0.0020141602
-0.0067443848
-0.0030212402
0.0057678223
0.0009765625
0.0026855469
0.0037231445
0.006225586
-0.0048217773
-0.0030822754
-0.0014648438
-0.0037231445
-0.0054016113
-0.0002746582
0.0060424805
-0.0002746582
0.0038757324
0.0036315918
0.0033569336
-0.0060424805
-0.0016784668
-0.001739502
-0.0046691895
-0.0032653809
0.0018920898
0.005218506
-0.00076293945
0.00491333
0.0024414062
0.00091552734
-0.0059814453
-0.0007324219
-0.0025024414
-0.0045166016
-0.0007019043
0.002532959
0.004425049
-0.00088500977
0.005584717
0.00048828125
-0.0007019043
-0.0050964355
-0.000579834
-0.002960205
-0.003479004
0.0014038086
0.0023498535
0.0035705566
-9.1552734e-05
0.004852295
-0.001159668
-0.0014648438
-0.004211426
-0.0007324219
-0.0030517578
-0.0018615723
0.0025024414
0.001739502
0.0033569336
0.00015258789
0.0038452148
-0.0026855469
-0.0012207031
-0.0036010742
-0.001159668
-0.0021972656
-0.0007019043
0.0030517578
0.0010375977
0.003540039
-0.0002746582
0.0026550293
-0.0033874512
-0.00079345703
-0.003479004
-0.0010375977
-0.0012512207
0.00033569336
0.0028381348
0.0007324219
0.0036010742
-0.0009460449
0.0015258789
-0.0032958984
-0.000579834
-0.0034179688
-0.0005493164
-0.00021362305
0.00064086914
0.0024414062
0.00088500977
0.0030822754
-0.0017700195
0.00091552734
-0.0030212402
-0.000579834
-0.003112793
6.1035156e-05
0.0006713867
0.00039672852
0.0022888184
0.00091552734
0.0023498535
-0.0024414062
0.0008239746
-0.0026550293
-0.00079345703
-0.0026245117
0.0010070801
0.0007324219
0.00021362305
0.002319336
0.0006713867
0.0015258789
-0.002746582
0.0009460449
-0.0024414062
-0.0009765625
-0.0016784668
0.0014038086
0.00076293945
-9.1552734e-05
0.0024719238
0.0002746582
0.00064086914
-0.0026245117
0.0012207031
-0.002532959
-0.0007324219
-0.00091552734
0.0016784668
0.0002746582
0.00012207031
0.0024108887
-0.00030517578
3.0517578e-05
-0.0020751953
0.0010375977
-0.002380371
-0.0005493164
0.0
0.001373291
0.0
0.00036621094
0.0020141602
-0.0007324219
-0.00036621094
-0.0014343262
0.0008544922
-0.0023498535
-3.0517578e-05
0.00048828125
0.0009460449
-3.0517578e-05
0.0004272461
0.001739502
-0.0013427734
-0.00018310547
-0.0010375977
0.0005493164
-0.0020446777
0.00048828125
0.0005187988
0.00061035156
-6.1035156e-05
0.000579834
0.0011291504
-0.0014953613
6.1035156e-05
-0.00076293945
0.0002746582
-0.0016174316
0.0008239746
0.0004272461
0.0002746582
6.1035156e-05
0.0005187988
0.0005187988
-0.0012817383
0.00012207031
-0.0005187988
3.0517578e-05
-0.0010986328
0.0009765625
0.00018310547
0.00018310547
0.00012207031
0.00036621094
0.00012207031
-0.0009765625
0.00021362305
-0.00039672852
-0.00012207031
-0.0005493164
0.00076293945
9.1552734e-05
6.1035156e-05
0.00021362305
0.00012207031
3.0517578e-05
-0.0008239746
0.00036621094
-0.00045776367
0.0
-0.00030517578
0.000579834
-3.0517578e-05
3.0517578e-05
0.00021362305
-3.0517578e-05
-6.1035156e-05
-0.00045776367
0.00024414062
-0.00033569336
6.1035156e-05
-9.1552734e-05
0.00024414062
3.0517578e-05
-9.1552734e-05
0.00018310547
-6.1035156e-05
-0.00012207031
-0.00018310547
9.1552734e-05
-0.00015258789
0.0
0.0
0.00012207031
0.0
0.0
0.0
0.0
-0.00018310547
6.1035156e-05
-9.1552734e-05
0.0
0.0
-3.0517578e-05
6.1035156e-05
-6.1035156e-05
6.1035156e-05
-6.1035156e-05
0.0
-3.0517578e-05
-6.1035156e-05
3.0517578e-05
0.0
-9.1552734e-05
0.00012207031
-0.00012207031
3.0517578e-05
3.0517578e-05
-6.1035156e-05
3.0517578e-05
-6.1035156e-05
-6.1035156e-05
6.1035156e-05
